5 2 2
3 2 1 4 5 2 1 3 2
2 2 3 1 4 5 4 1 3 2
30
30
R N 1 101 8 120
R N 2 102 12 180
R V 3 103 15 400
R G 4 104 6 90
R N 5 105 10 150
R V 1 106 20 500
R N 7 107 5 80
R G 8 108 14 200
R N 9 109 18 220
R V 10 110 25 600
X 12 105
R N 13 111 7 110
R G 14 112 9 130
P 15 102 100
R N 16 113 11 160
R V 17 114 30 750
R N 18 115 4 70
R G 19 116 16 240
R N 17 117 13 190
X 21 107
R V 22 118 22 580
R N 23 119 6 95
P 24 111 80
R G 25 120 12 170
R N 26 121 9 140
R V 27 122 28 700
R N 28 123 15 210
R G 29 124 8 115
R N 30 125 17 250
P 32 119 120
R V 35 126 35 800